V1 V2 V3 V4 V5 V6 V7 V8 V9 V10
0.7935159 0.7355263 0.6812026 0.7081401 0.7288494 0.7534964 0.7662542 0.7747632 0.7881994 0.8094002
0.9271669 0.9210445 0.9193235 0.9195447 0.9219487 0.9245294 0.9257371 0.9264960 0.9271295 0.9266296
0.7908547 0.7295254 0.6729676 0.7000359 0.7215333 0.7474737 0.7606056 0.7695498 0.7832861 0.8039381
0.8225460 0.7919264 0.7696525 0.7477304 0.7307892 0.7106783 0.6997458 0.6907762 0.6760401 0.7222733
0.8665465 0.8575806 0.8517230 0.8419218 0.8357846 0.8331319 0.8308979 0.8256012 0.8254273 0.8215360
0.8294716 0.7981896 0.7785615 0.7541796 0.7364508 0.7172624 0.7041054 0.6965066 0.6830115 0.7273910
0.8148616 0.7862953 0.7532883 0.7745209 0.7944881 0.8117939 0.8224776 0.8282743 0.8378210 0.8500541
0.8408812 0.8292748 0.8143304 0.8248140 0.8372181 0.8443791 0.8514657 0.8550563 0.8609876 0.8682891
0.8095449 0.7756419 0.7389863 0.7580679 0.7789461 0.8001990 0.8128675 0.8207816 0.8309489 0.8450482
0.9295065 0.9205713 0.9170080 0.9275132 0.9300504 0.9371963 0.9438011 0.9666412 0.9677724 0.9607984
0.8686318 0.8641219 0.8586480 0.8508815 0.8467300 0.8431558 0.8424771 0.8402701 0.8384793 0.8380646
0.8405494 0.8286646 0.8137213 0.8235030 0.8393746 0.8480076 0.8566971 0.8570597 0.8574856 0.8662795
