V1 V2 V3 V4 V5 V6 V7 V8 V9 V10
0.8400251 0.8141932 0.7918938 0.7696956 0.7523138 0.7296280 0.7183570 0.7089547 0.6954336 0.6739773
0.9158294 0.9147207 0.9131429 0.9124112 0.9117036 0.9104288 0.9090474 0.9084768 0.9088755 0.9082358
0.8430505 0.8181976 0.7955030 0.7733423 0.7557552 0.7326851 0.7213773 0.7118213 0.6982520 0.6766322
0.8225460 0.7919264 0.7696525 0.7477304 0.7307892 0.7106783 0.6997458 0.6907762 0.6760401 0.7222733
0.8665465 0.8575806 0.8517230 0.8419218 0.8357846 0.8331319 0.8308979 0.8256012 0.8254273 0.8215360
0.8294716 0.7981896 0.7785615 0.7541796 0.7364508 0.7172624 0.7041054 0.6965066 0.6830115 0.7273910
0.7908136 0.7570547 0.7350011 0.7143391 0.6957129 0.6745761 0.6630403 0.6565212 0.6630358 0.6565084
0.8301369 0.7929799 0.7838183 0.7707996 0.7608757 0.7533256 0.7505451 0.7454221 0.7505627 0.7454345
0.8099297 0.7760295 0.7524055 0.7309987 0.7118537 0.6894723 0.6792416 0.6699267 0.6792371 0.6699414
0.9129153 0.9121366 0.9104951 0.9098440 0.9092098 0.9072956 0.9076077 0.9081587 0.9074141 0.9060271
0.8686318 0.8641219 0.8586480 0.8508815 0.8467300 0.8431558 0.8424771 0.8402701 0.8384793 0.8380646
0.8298245 0.7932648 0.7842177 0.7674785 0.7619587 0.7545278 0.7488028 0.7441947 0.7487931 0.7442162
0.8433504 0.8177354 0.7959228 0.7730174 0.7557577 0.7326547 0.7210706 0.7125280 0.6985194 0.6785785
0.8340754 0.8008790 0.7802598 0.7590705 0.7430925 0.7219021 0.7093394 0.7005716 0.6855572 0.7329545
0.8044228 0.7735973 0.7515502 0.7304850 0.7121287 0.6910233 0.6779551 0.6688385 0.6779623 0.6688337
0.8396978 0.8146616 0.7920457 0.7698904 0.7525954 0.7300416 0.7181079 0.7091651 0.6956120 0.6738976
0.8038098 0.7662245 0.7420550 0.7211006 0.7061193 0.6890688 0.6813883 0.6822010 0.6747585 0.6609120
0.8046751 0.7742531 0.7505694 0.7279357 0.7112365 0.6899690 0.6787263 0.6707575 0.6569483 0.6369619
0.8302961 0.8122725 0.8077015 0.7995010 0.7951699 0.7851330 0.7845563 0.7858434 0.7878831 0.7857416
0.9400000 0.9400000 0.9400000 0.9400000 0.9400000 0.9400000 0.9400000 0.9400000 0.9400000 0.9400000
0.7808594 0.7519665 0.7315030 0.7108985 0.6960034 0.6773158 0.6668692 0.6589965 0.6668553 0.6589867
